     2/119    0.111G   0.02121  0.004325 0.0006586  0.008314   0.03451        13       512    0.7816    0.9739    0.9702    0.6328   0.01115   0.00306 0.0005233
     3/119   0.0965G   0.02195   0.00453 0.0007507  0.008263   0.03549         6       416    0.5975     0.967    0.8998    0.6868   0.01062  0.003285 0.0006503
     4/119    0.212G   0.02172  0.004531 0.0008449  0.008287   0.03538         7       864    0.7901    0.9069    0.9091    0.7026   0.01007  0.003294 0.0008401
     5/119    0.126G   0.02127  0.004493 0.0008405  0.008052   0.03466         9       544    0.6645    0.9822    0.9739    0.7762   0.01059  0.003129 0.0005266
     6/119    0.206G   0.02143  0.004401 0.0008543  0.008252   0.03494         6       480    0.6512    0.9684    0.9401    0.7091   0.01053  0.003154 0.0005616
     7/119    0.201G   0.02112  0.004339 0.0007372   0.00808   0.03427         9       800    0.7466    0.9678    0.9569    0.7217   0.01001  0.003214 0.0005495
     8/119    0.166G   0.02135  0.004548 0.0008888  0.008074   0.03486        11       704    0.7206    0.9722    0.9677    0.7575   0.01007  0.003061 0.0004691
     9/119     4.53G   0.02133  0.004554 0.0007521  0.008048   0.03468        11       704    0.7219    0.9734    0.9632    0.6831   0.01041  0.003269 0.0004574
    10/119     4.53G   0.02101  0.004458 0.0007621  0.007908   0.03414        10       672    0.8295    0.9467      0.95     0.769   0.01028  0.003045 0.0006344
    11/119    0.233G   0.02118  0.004453  0.000965  0.008009    0.0346         6       960    0.6854    0.9716    0.9616    0.7923  0.009412     0.003 0.0005348
    12/119   0.0839G    0.0214  0.004663 0.0008548  0.008054   0.03497         8       384    0.7299    0.9675    0.9653    0.7851   0.01033  0.003094 0.0005137
    13/119     4.66G   0.02108  0.004495 0.0006938  0.007986   0.03426        10       672    0.7935    0.9632    0.9678    0.7477  0.009445  0.003046 0.0004524
    14/119     4.66G   0.02118  0.004485 0.0009416  0.008082   0.03469         5       416    0.7785    0.9756    0.9709    0.7885  0.009253  0.003004 0.0004278
    15/119    0.159G   0.02092  0.004341 0.0008384  0.007991    0.0341         7       736     0.716    0.9807    0.9676    0.7903  0.009436  0.002958 0.0005714
    16/119     4.29G   0.02094  0.004556 0.0008427  0.007738   0.03407        13       384    0.7144    0.9813    0.9737    0.7908  0.009008  0.003036 0.0005167
    17/119    0.199G   0.02081  0.004559 0.0007526   0.00782   0.03394         8       640     0.708    0.9828    0.9757     0.774   0.00906  0.002939 0.0004505
    18/119   0.0944G   0.02103  0.004149 0.0007353  0.007923   0.03384         6       352    0.6633    0.9803    0.9667    0.7464  0.009203  0.002969 0.0004869
    19/119     4.76G   0.02071  0.004651 0.0007071   0.00778   0.03385         9       960    0.6583    0.9871    0.9787    0.7985  0.008968  0.002936 0.0004982
    20/119     4.76G   0.02079  0.004269 0.0006557  0.007806   0.03352        10       544    0.6982    0.9702    0.9623    0.7894  0.009186  0.003084 0.0004879
    21/119     4.76G   0.02088  0.004442 0.0007371  0.007798   0.03386         5       960    0.5927      0.99    0.9734    0.7689  0.008956  0.003029 0.0006017
    22/119     4.76G   0.02117  0.004494 0.0007267  0.007949   0.03434         8       704    0.7227    0.9819    0.9738    0.7721   0.00887  0.003042 0.0005903
    23/119     4.76G   0.02083  0.004183 0.0008003  0.007979   0.03379         8       864    0.6789    0.9858     0.973    0.7866  0.008703  0.003092 0.0004706
    24/119    0.124G   0.02095  0.004532 0.0008831  0.007788   0.03415         6       576    0.6527    0.9865    0.9747    0.8187  0.008547  0.002905 0.0005446
    25/119      4.7G   0.02037  0.004404 0.0007108  0.007543   0.03303         7       672     0.716    0.9827     0.975    0.8009   0.00858  0.002906 0.0005294
    26/119    0.247G   0.02077  0.004369 0.0007894  0.007919   0.03385         6       928    0.6938    0.9777    0.9708    0.8189  0.008528  0.002886 0.0004464
    27/119     4.69G   0.02074   0.00433 0.0007909  0.007616   0.03348         6       512    0.6783    0.9867    0.9783    0.8057  0.008381  0.002864 0.0004437
    28/119     4.69G   0.02038  0.004339 0.0006786   0.00754   0.03293         9       416    0.6794    0.9891    0.9793    0.8234  0.008214  0.002821 0.0004724
    29/119    0.258G   0.02013  0.004453 0.0006165  0.007511   0.03271         6       896      0.69    0.9787    0.9694     0.814  0.008414  0.002868 0.0004452
    30/119     4.36G    0.0207  0.004624 0.0007159  0.007769   0.03381         5       320    0.7103    0.9816    0.9733    0.8112  0.008422  0.002846 0.0005599
    31/119     4.36G    0.0207  0.004284 0.0007104  0.007675   0.03337        11       864    0.7147    0.9815    0.9755    0.8161   0.00825  0.002787 0.0004522
    32/119     4.36G   0.02059  0.004528 0.0007348  0.007563   0.03341        13       416    0.7151    0.9828    0.9724    0.8104  0.008253  0.002819 0.0004784
    33/119     4.36G   0.02042  0.004494 0.0006135  0.007605   0.03313         7       512    0.7629    0.9835    0.9766    0.8262  0.008155  0.002744 0.0004988
    34/119     4.36G   0.02013  0.004313 0.0007634   0.00749    0.0327         9       960     0.694    0.9828    0.9713    0.8167  0.008021  0.002758 0.0004491
    35/119     4.36G   0.02049  0.004309 0.0007671   0.00771   0.03328         8       672    0.7178    0.9809    0.9737    0.8208  0.008033  0.002734 0.0004667
    36/119    0.126G   0.02018   0.00421 0.0006913  0.007564   0.03264         7       608    0.7621    0.9744     0.975    0.8243  0.007987  0.002701 0.0004018
    37/119     4.78G   0.02009  0.004231 0.0006788  0.007451   0.03245         8       928    0.7399    0.9806     0.973      0.82  0.007912  0.002707 0.0004442
    38/119     4.78G   0.02023  0.004369 0.0007983  0.007488   0.03288         9       384    0.7145    0.9823    0.9738    0.8169  0.007935  0.002714  0.000414
    39/119     4.78G   0.02016  0.004375 0.0006306  0.007401   0.03257         8       544    0.7347    0.9839    0.9746    0.8193  0.007911  0.002705 0.0004395
    40/119     4.78G   0.02015  0.004382 0.0005574  0.007466   0.03256         9       320    0.7454    0.9771    0.9742    0.8113  0.007957  0.002685 0.0004047
    41/119    0.172G   0.02002  0.004331 0.0007313  0.007384   0.03247        11       768    0.7495    0.9785    0.9747    0.8162  0.007887  0.002707 0.0004286
    42/119     4.36G   0.02011  0.004251 0.0005537  0.007294   0.03221         9       512    0.7632    0.9788    0.9752    0.8197  0.007872  0.002686 0.0004275
    43/119     4.36G    0.0197  0.004217 0.0006871  0.007437   0.03204        12       704    0.7705    0.9808    0.9758    0.8247  0.007787  0.002669 0.0004072
    44/119     4.36G   0.01979  0.004403  0.000619  0.007381   0.03219         4       864    0.7438    0.9835    0.9784    0.8228  0.007785  0.002676 0.0004002
    45/119     4.36G   0.01983  0.004319  0.000688  0.007415   0.03225        13       320    0.7516    0.9783    0.9765    0.8205  0.007787  0.002679 0.0004046
    46/119     4.36G   0.01972   0.00442 0.0007865  0.007277    0.0322         6       896    0.7606    0.9772    0.9755    0.8194  0.007761   0.00267 0.0004323
    47/119     4.36G   0.01997  0.004066 0.0006831   0.00742   0.03214        10       960    0.7685    0.9794    0.9744     0.818  0.007756  0.002664 0.0004569
    48/119     4.36G   0.01985  0.004348 0.0006071  0.007489    0.0323        10       800    0.7667    0.9787     0.976    0.8209  0.007722  0.002661 0.0004412
    49/119    0.138G   0.01967  0.004147 0.0006674  0.007228   0.03171         8       448    0.7545    0.9821    0.9766    0.8194  0.007717  0.002659  0.000426
    50/119     4.59G   0.01984  0.004335 0.0006967  0.007197   0.03207        11       704     0.743    0.9803    0.9757    0.8181  0.007721  0.002662 0.0004203
    51/119     4.59G    0.0196  0.004357 0.0005967  0.007226   0.03178        13       672    0.7547    0.9806     0.977    0.8218  0.007692  0.002651 0.0004113
    52/119     4.59G   0.01965  0.004185 0.0007049  0.007215   0.03175         9       960      0.75    0.9779    0.9763    0.8215  0.007677  0.002646 0.0004146
    53/119     4.59G   0.01987  0.004348  0.000649  0.007269   0.03214        12       928    0.7403    0.9795    0.9765    0.8213  0.007678  0.002649 0.0004465
    54/119     4.59G    0.0197  0.004269 0.0005848  0.007234   0.03179         6       384    0.7412    0.9813     0.976      0.82  0.007674  0.002643 0.0004536
    55/119     4.59G   0.01962  0.004166 0.0005817  0.007281   0.03165         7       928    0.7332    0.9813    0.9757    0.8197  0.007672  0.002644 0.0004529
    56/119     4.59G   0.01931  0.004141   0.00069  0.007083   0.03122         8       800    0.7362    0.9805    0.9759    0.8202   0.00766  0.002637 0.0004514
    57/119     4.59G   0.01942  0.004094 0.0005668  0.007126   0.03121        10       672    0.7403    0.9798    0.9765    0.8222  0.007635  0.002627 0.0004364
    58/119    0.222G   0.01941  0.003997 0.0006921  0.007088   0.03119        11       832    0.7395    0.9806    0.9764    0.8235  0.007611  0.002617 0.0004381
    59/119     4.22G   0.01962  0.004172 0.0006153   0.00713   0.03154         9       736    0.7359    0.9815     0.976     0.825  0.007609  0.002614 0.0004438
    60/119     4.22G   0.01909  0.004022 0.0004602  0.006998   0.03057         6       672    0.7342    0.9815    0.9757    0.8247  0.007601  0.002608 0.0004481
    61/119     4.42G   0.01915  0.004118 0.0004529  0.007001   0.03073         7       384    0.7365    0.9815    0.9756    0.8248  0.007593  0.002606 0.0004413
    62/119     4.42G   0.01933  0.004417 0.0006074     0.007   0.03136         7       448     0.735    0.9814    0.9756    0.8249  0.007587   0.00261 0.0004429
    63/119     4.42G   0.01928  0.004066 0.0006068  0.006978   0.03093         5       960    0.7386    0.9816    0.9759    0.8239  0.007584  0.002607 0.0004275
    64/119     4.42G    0.0192  0.004173 0.0005843  0.006982   0.03094         5       864    0.7437    0.9816    0.9761    0.8246  0.007577  0.002601 0.0004261
    65/119     4.42G   0.01947  0.004123 0.0006461  0.007093   0.03133         5       928     0.746    0.9816    0.9762    0.8247  0.007577  0.002599 0.0004233
    66/119     4.42G   0.01898  0.004065 0.0005263  0.006879   0.03045        14       640     0.748    0.9817    0.9765    0.8247  0.007575  0.002594   0.00042
    67/119     4.42G   0.01928  0.003941 0.0005576  0.006908   0.03069        11       512    0.7477    0.9815    0.9767    0.8258   0.00757  0.002591 0.0004164
    68/119     4.42G   0.01905  0.004249 0.0005695  0.006954   0.03082         6       672    0.7508    0.9816    0.9768    0.8265  0.007564   0.00259 0.0004149
    69/119     4.42G   0.01909  0.004032 0.0005275  0.006957   0.03061        10       960    0.7522    0.9817    0.9769    0.8264  0.007557  0.002588 0.0004147
    70/119     4.42G   0.01896  0.004085 0.0006457   0.00693   0.03062        13       320    0.7519    0.9816    0.9768     0.827   0.00755  0.002587 0.0004137
    71/119     4.42G   0.01868  0.003957 0.0004661   0.00681   0.02991        11       928    0.7522    0.9817    0.9768    0.8277  0.007542  0.002584  0.000411
    72/119     4.42G   0.01873  0.004071 0.0008444  0.006835   0.03048         8       832     0.753    0.9817    0.9765    0.8275   0.00754  0.002582 0.0004147
    73/119     4.42G   0.01875  0.004146 0.0006209  0.006704   0.03022         7       736    0.7539    0.9816    0.9765    0.8285  0.007533   0.00258 0.0004154
    74/119     4.42G    0.0186  0.004109 0.0005492  0.006681   0.02994         8       704    0.7549    0.9808    0.9764     0.829   0.00753  0.002578 0.0004148
    75/119     4.42G   0.01865  0.004042 0.0005671  0.006761   0.03002        12       928    0.7552    0.9808    0.9763    0.8291  0.007524  0.002574 0.0004173
    76/119     4.42G   0.01858  0.003915 0.0006228  0.006623   0.02974         6       384    0.7627    0.9809    0.9763    0.8292  0.007518   0.00257 0.0004136
    77/119     4.42G   0.01878  0.003988 0.0006073  0.006876   0.03025        12       736    0.7623    0.9809    0.9763    0.8288  0.007514  0.002567 0.0004126
    78/119     4.42G   0.01882  0.004227  0.000518  0.006673   0.03024         7       832    0.7614    0.9809    0.9762    0.8295  0.007511  0.002566 0.0004125
    79/119     4.42G   0.01872  0.004042 0.0005078  0.006641   0.02992         7       480    0.7618    0.9809    0.9762    0.8294  0.007507  0.002564 0.0004119
    80/119     4.42G   0.01836  0.004061 0.0005043  0.006552   0.02947         5       544     0.761     0.981    0.9761    0.8293  0.007504  0.002562 0.0004117
    81/119     4.42G   0.01818  0.004025 0.0005452  0.006495   0.02925        13       448    0.7612    0.9809     0.976    0.8296  0.007498  0.002559 0.0004124
    82/119     4.42G   0.01873  0.004186 0.0004438   0.00663   0.02999         6       736    0.7621    0.9801    0.9758    0.8292  0.007493  0.002556 0.0004137
    83/119     4.42G   0.01843  0.004063 0.0004684  0.006538    0.0295         5       672    0.7611    0.9801    0.9758     0.829  0.007487  0.002554 0.0004148
    84/119     4.42G   0.01831  0.004178 0.0005531  0.006657    0.0297         9       544    0.7611    0.9801    0.9759      0.83  0.007484  0.002551 0.0004151
    85/119     4.42G   0.01809  0.004087 0.0005138  0.006399   0.02909         7       320    0.7625      0.98     0.976    0.8308   0.00748  0.002548  0.000415
    86/119     4.42G   0.01821  0.004086 0.0004828  0.006415   0.02919         8       928    0.7623      0.98     0.976    0.8302  0.007474  0.002545 0.0004157
    87/119     4.42G   0.01821  0.004032 0.0004577  0.006509   0.02921         6       768    0.7618      0.98     0.976    0.8305   0.00747  0.002543  0.000415
    88/119     4.42G   0.01807  0.004032 0.0004802  0.006283   0.02887         8       640    0.7624      0.98     0.976    0.8305  0.007466  0.002541 0.0004151
    89/119     4.42G   0.01816  0.003915 0.0004072   0.00646   0.02894         8       768     0.761      0.98    0.9759    0.8312  0.007465  0.002539 0.0004144
    90/119     4.42G   0.01781  0.003929 0.0004226  0.006373   0.02853        12       448    0.7622    0.9799    0.9759    0.8317  0.007462  0.002537 0.0004147
    91/119     4.42G   0.01788    0.0039 0.0004069  0.006369   0.02856        12       512     0.763    0.9798     0.976    0.8319  0.007459  0.002534 0.0004141
    92/119     4.42G    0.0178  0.003874 0.0004187  0.006373   0.02847        12       928    0.7621    0.9798    0.9761    0.8324  0.007456  0.002531  0.000413
    93/119     4.42G   0.01804  0.004121 0.0005208  0.006373   0.02905         9       640    0.7613    0.9798    0.9761     0.833  0.007451  0.002529 0.0004124
    94/119     4.42G   0.01779  0.003921 0.0004174   0.00632   0.02845         9       544    0.7613    0.9798    0.9762    0.8337  0.007447  0.002527 0.0004139
    95/119     4.42G   0.01793  0.004005 0.0004169  0.006396   0.02875         5       928      0.76    0.9797    0.9764    0.8341  0.007444  0.002525 0.0004154
    96/119     4.42G   0.01771  0.004013 0.0003699  0.006243   0.02834         7       704    0.7585    0.9798    0.9762    0.8348  0.007441  0.002523  0.000417
    97/119     4.42G   0.01788  0.004004   0.00043  0.006446   0.02876        12       608    0.7589    0.9798    0.9763     0.835  0.007438  0.002521 0.0004178
    98/119     4.42G   0.01773  0.003917 0.0004275   0.00631   0.02839         6       704    0.7593    0.9798    0.9763    0.8344  0.007436  0.002518  0.000418
    99/119     4.42G   0.01799  0.004021 0.0004533  0.006356   0.02883         9       896    0.7593    0.9789    0.9764    0.8347  0.007433  0.002516 0.0004179
   100/119     4.42G   0.01771  0.003973 0.0004469  0.006247   0.02837         8       512    0.7597    0.9788    0.9764    0.8346  0.007428  0.002513 0.0004174
   101/119     4.42G   0.01777  0.003701 0.0004798  0.006359   0.02831         7       736    0.7604    0.9788    0.9768    0.8347  0.007426   0.00251 0.0004168
   102/119     4.42G   0.01755   0.00391 0.0004477  0.006122   0.02803         7       736    0.7615    0.9787    0.9767    0.8344  0.007423  0.002508 0.0004175
   103/119     4.42G   0.01745  0.003831 0.0004478  0.006154   0.02788        11       416    0.7639    0.9787    0.9769    0.8344  0.007421  0.002505 0.0004169
   104/119     4.42G   0.01766  0.003826 0.0003949  0.006203   0.02809         6       672    0.7634    0.9787     0.977    0.8341  0.007419  0.002503 0.0004164
   105/119     4.42G   0.01756  0.003949 0.0004416  0.006196   0.02815         9       512    0.7637    0.9787    0.9771    0.8351  0.007417    0.0025 0.0004155
   106/119     4.42G   0.01764  0.003757 0.0004743  0.006229    0.0281         6       832    0.7647    0.9787    0.9771    0.8354  0.007413  0.002497  0.000415
   107/119     4.42G   0.01751  0.003866  0.000366  0.006109   0.02785        10       416    0.7661    0.9787    0.9771    0.8358  0.007411  0.002495 0.0004156
   108/119     4.42G   0.01758  0.004004  0.000428  0.006188    0.0282         6       320    0.7666    0.9795    0.9773    0.8364  0.007407  0.002492 0.0004147
   109/119     4.42G   0.01717  0.003768 0.0003499  0.006083   0.02737        10       544    0.7674    0.9796    0.9773    0.8357  0.007405   0.00249 0.0004129
   110/119     4.42G   0.01755  0.003974 0.0003301  0.006133   0.02799         7       704    0.7681    0.9796    0.9774    0.8359  0.007403  0.002487 0.0004101
   111/119     4.42G   0.01744  0.003791 0.0003885  0.006227   0.02784         6       352    0.7678    0.9796    0.9776    0.8359  0.007401  0.002485 0.0004088
   112/119     4.42G   0.01747  0.004022 0.0003912  0.006102   0.02799         8       448    0.7689    0.9797    0.9777     0.836  0.007399  0.002483 0.0004069
   113/119     4.42G   0.01709   0.00374 0.0003961  0.006044   0.02727         5       736     0.771    0.9797    0.9777    0.8357  0.007396   0.00248 0.0004058
   114/119     4.42G   0.01746  0.003819 0.0003835  0.006088   0.02775         7       640    0.7719    0.9797    0.9779    0.8361  0.007393  0.002478 0.0004041
   115/119     4.42G   0.01728  0.003898 0.0003898  0.006012   0.02758         5       352    0.7724    0.9797    0.9778    0.8362   0.00739  0.002476 0.0004027
   116/119     4.42G   0.01737  0.003643 0.0004041  0.006147   0.02756         5       608    0.7733    0.9798    0.9779    0.8362  0.007388  0.002474  0.000401
   117/119     4.42G   0.01724   0.00391 0.0004376  0.006045   0.02764         6       896    0.7732    0.9799    0.9779    0.8372  0.007387  0.002471 0.0004004
   118/119     4.42G   0.01723  0.003892  0.000418   0.00605   0.02759         8       768    0.7755    0.9797     0.978    0.8375  0.007387  0.002469 0.0003984
   119/119     4.42G   0.01721  0.003713 0.0003712  0.006105    0.0274        10       608    0.7766    0.9806     0.978     0.837  0.007388  0.002468 0.0003973
